10,71
10,209
10,102
10,197
10,232
10,163
10,165
10,127
11,7
11,13
11,21
9,4
9,6
8,18
8,5
8,10
8,8
58,3
58,2
58,1
58,0
52,6
52,5
52,4
52,3
52,2
52,1
52,0
48,5
48,4
48,3
48,2
48,1
48,0
38,3
38,1
37,3
37,2
37,1
20,3
20,2
20,1
19,3
19,2
19,1
12,3
12,2
12,1
11,30
11,27
11,26
11,24
11,22
11,19
11,17
11,15
11,11
11,9
18,1
11,8
11,3
11,2
18,3
11,1
10,315
10,313
14,1
10,311
14,3
10,289
13,1
10,274
13,3
10,269
10,256
10,255
10,233
10,230
10,146
10,121
10,81
10,19
10,14
10,3
10,2
10,1
9,7
9,5
9,3
9,2
9,1
8,17
8,16
8,14
8,13
8,12
8,11
8,9
8,7
8,6
8,4
8,3
8,2
8,1
3,3
